Sample File,D:\Диск rkovach\YandexDisk\ИКМО\Приборы работа\OPS\20+5 мин.55.O30
Instrument Model,3330
Instrument Serial Number,3330200403
Sample Length (s),1200
Alarm Set,No
Dead Time Correction Applied,Yes
Units,dW/dlogDp
Weight,Mass
Refractive Index Applied,No

,,,,,,,,,,,,,,,,LB,0.3,0.44,0.56,0.8,1,1.2,1.4,1.6,1.8,2,2.2,2.533,2.95,3.463,5.61,8.032,
,,,,,,,,,,,,,,,,UB,0.44,0.56,0.8,1,1.2,1.4,1.6,1.8,2,2.2,2.533,2.95,3.463,5.61,8.032,10,
,,,,,,,,,,,,,,,,LB with RI,0.3,0.44,0.56,0.8,1,1.2,1.4,1.6,1.8,2,2.2,2.533,2.95,3.463,5.61,8.032,
,,,,,,,,,,,,,,,,UB with RI,0.44,0.56,0.8,1,1.2,1.4,1.6,1.8,2,2.2,2.533,2.95,3.463,5.61,8.032,10,
Sample #,Date,Start Time,Temp(C),Pressure(atm),Rel. Humidity,Errors,Alarm Triggered,Dilution Factor,Dead Time,Median,Mean,Geo. Mean,Mode,Geo. St. Dev.,Total Conc. (µg/m),Vol.Wt.Mean Diam.,0.374,0.502,0.687,0.904,1.103,1.303,1.502,1.702,1.902,2.102,2.370,2.747,3.213,4.620,6.892,9.052,,Vol.Wt.Mean Diam.,0.374,0.502,0.687,0.904,1.103,1.303,1.502,1.702,1.902,2.102,2.370,2.747,3.213,4.620,6.892,9.052,,
3541,09/27/2021,23:40:37,31.319,0.990,0.000,No Errors,NA,1.000,2.65276,3.56387,4.09312,2.98142,0.374363,2.60106,5.17443,,3.39302,1.08822,0.641886,0.71492,0.511396,0.821108,1.16874,2.01796,2.75287,3.15953,3.37397,3.90231,5.08849,7.61789,7.16404,2.86229,,Density,1,1,1,1,1,1,1,1,1,1,1,1,1,1,1,1,,
3542,09/28/2021,00:00:36,31.319,0.990,0.000,No Errors,NA,1.000,2.62484,3.56596,4.08231,2.92869,0.374363,2.65884,4.82715,,3.37967,1.05827,0.614468,0.705313,0.520278,0.797704,1.10276,1.99263,2.69364,2.88881,2.93431,3.54896,4.32574,6.8152,6.99855,2.65778,,Density,1,1,1,1,1,1,1,1,1,1,1,1,1,1,1,1,,
3543,09/28/2021,00:20:37,31.349,0.990,0.000,No Errors,NA,1.000,2.93402,3.62353,4.20119,3.02359,0.374363,2.64902,5.6389,,3.76652,1.18933,0.705977,0.803425,0.605814,0.878481,1.19509,2.28655,2.99415,2.92487,3.92295,4.14152,4.87709,7.79257,8.04766,4.29444,,Density,1,1,1,1,1,1,1,1,1,1,1,1,1,1,1,1,,
3544,09/28/2021,00:40:37,31.319,0.990,0.000,No Errors,NA,1.000,2.97711,3.66052,4.2985,3.10348,0.374363,2.64091,5.89082,,3.81093,1.21266,0.714847,0.791662,0.569361,0.962551,1.20741,2.07921,2.94692,3.06622,3.76319,4.43751,5.71516,7.91635,8.26844,5.52162,,Density,1,1,1,1,1,1,1,1,1,1,1,1,1,1,1,1,,
3545,09/28/2021,01:00:37,31.319,0.990,0.000,No Errors,NA,1.000,2.79701,3.56761,4.08691,2.98008,0.374363,2.59816,5.43114,,3.56875,1.15072,0.67772,0.754374,0.539032,0.828137,1.1336,1.96003,2.9307,2.93042,3.67127,4.33003,4.98907,8.43378,6.94444,3.27158,,Density,1,1,1,1,1,1,1,1,1,1,1,1,1,1,1,1,,
3546,09/28/2021,01:20:37,31.319,0.990,0.000,No Errors,NA,1.000,2.69815,3.64758,4.22432,3.11647,0.374363,2.55929,5.66287,,3.43906,1.09732,0.64905,0.72274,0.531872,0.85059,1.09669,2.08884,2.87129,3.34205,3.86508,4.23108,5.32623,8.45778,7.93585,3.88468,,Density,1,1,1,1,1,1,1,1,1,1,1,1,1,1,1,1,,
3547,09/28/2021,01:40:37,31.319,0.990,0.000,No Errors,NA,1.000,2.57933,3.72194,4.35928,3.23502,0.374363,2.54233,5.68918,,3.29036,1.05207,0.615817,0.676316,0.49758,0.768226,1.0337,1.85853,2.88678,3.35936,3.37376,4.38674,5.01316,8.75324,7.49423,5.31535,,Density,1,1,1,1,1,1,1,1,1,1,1,1,1,1,1,1,,
3548,09/28/2021,02:00:37,31.319,0.990,0.000,No Errors,NA,1.000,2.4959,3.77492,4.42883,3.30448,0.374363,2.52702,5.69881,,3.18809,1.01716,0.601442,0.680664,0.469534,0.759512,0.998357,1.9823,2.66181,3.14146,3.25936,4.20572,4.91281,8.77732,7.82431,5.5194,,Density,1,1,1,1,1,1,1,1,1,1,1,1,1,1,1,1,,
3549,09/28/2021,02:20:37,31.319,0.990,0.000,No Errors,NA,1.000,2.27569,3.7293,4.30729,3.19097,0.374363,2.55309,4.91822,,2.89493,0.941201,0.562078,0.615621,0.442774,0.721274,0.947575,1.8075,2.42476,2.7468,3.21311,3.70397,4.51195,6.77618,8.2636,2.86139,,Density,1,1,1,1,1,1,1,1,1,1,1,1,1,1,1,1,,
3550,09/28/2021,02:40:38,31.349,0.990,0.000,No Errors,NA,1.000,2.03687,3.69614,4.28675,3.19123,0.374363,2.53185,4.46386,,2.59659,0.839829,0.504825,0.572561,0.401351,0.630232,0.775691,1.41791,2.1444,2.29933,2.72175,3.78534,3.94873,6.97228,6.16892,3.2695,,Density,1,1,1,1,1,1,1,1,1,1,1,1,1,1,1,1,,
3551,09/28/2021,03:00:38,31.380,0.990,0.000,No Errors,NA,1.000,1.77378,3.68681,4.22441,3.10886,0.374363,2.58126,3.62799,,2.25932,0.73188,0.462238,0.513734,0.357271,0.559121,0.666703,1.21797,1.50942,1.74617,2.12216,2.66804,3.37318,5.53958,5.45169,2.04299,,Density,1,1,1,1,1,1,1,1,1,1,1,1,1,1,1,1,,
3552,09/28/2021,03:20:37,31.380,0.991,0.000,No Errors,NA,1.000,1.4655,3.67466,4.23676,3.05326,0.374363,2.65815,2.78238,,1.87892,0.597171,0.377958,0.399823,0.266995,0.374671,0.520967,0.939771,1.28051,1.29312,1.59691,1.95332,2.37311,4.21837,3.74363,2.24671,,Density,1,1,1,1,1,1,1,1,1,1,1,1,1,1,1,1,,
3553,09/28/2021,03:40:37,31.380,0.991,0.000,No Errors,NA,1.000,1.32743,3.70127,4.24714,3.12806,0.374363,2.58587,2.68685,,1.71152,0.528057,0.330353,0.360258,0.219435,0.332233,0.455028,0.823468,1.11884,1.05789,1.63665,1.97772,2.5227,4.23022,3.90834,1.63378,,Density,1,1,1,1,1,1,1,1,1,1,1,1,1,1,1,1,,
3554,09/28/2021,04:00:38,31.380,0.991,0.000,No Errors,NA,1.000,1.25803,3.99932,4.68501,3.54199,0.374363,2.51847,2.96963,,1.63891,0.481544,0.299176,0.316131,0.197658,0.290687,0.402914,0.611251,0.839081,0.981428,1.28301,1.88734,2.68489,4.48895,5.11908,2.85896,,Density,1,1,1,1,1,1,1,1,1,1,1,1,1,1,1,1,,
3555,09/28/2021,04:20:38,31.380,0.992,0.000,No Errors,NA,1.000,1.20208,4.01358,4.73555,3.56015,0.374363,2.53928,2.81139,,1.57583,0.449985,0.267513,0.295561,0.197649,0.274237,0.381448,0.580914,0.815406,0.952,1.22593,1.87905,2.44751,4.14346,4.62347,3.26723,,Density,1,1,1,1,1,1,1,1,1,1,1,1,1,1,1,1,,
3556,09/28/2021,04:40:37,31.349,0.992,0.000,No Errors,NA,1.000,1.2436,3.91041,4.53141,3.48106,0.374363,2.45475,3.00317,,1.63409,0.452507,0.275915,0.298165,0.191437,0.276842,0.41976,0.596088,0.894221,1.08132,1.35712,1.73961,2.89715,5.16717,5.00893,1.83788,,Density,1,1,1,1,1,1,1,1,1,1,1,1,1,1,1,1,,
3557,09/28/2021,05:00:38,31.349,0.992,0.000,No Errors,NA,1.000,1.24072,4.01303,4.79549,3.70005,0.374363,2.43215,3.30463,,1.63213,0.452855,0.273226,0.300759,0.214978,0.300199,0.398312,0.671861,0.803615,1.1871,1.46546,2.13348,2.90963,5.43846,4.95388,4.08416,,Density,1,1,1,1,1,1,1,1,1,1,1,1,1,1,1,1,,
3558,09/28/2021,05:20:38,31.349,0.992,0.000,No Errors,NA,1.000,1.34263,4.08796,4.81786,3.71135,0.374363,2.45037,3.51451,,1.74106,0.520067,0.34089,0.358267,0.216773,0.333968,0.432052,0.692126,1.044,1.00501,1.30021,2.08443,2.64762,5.63626,6.16535,3.67606,,Density,1,1,1,1,1,1,1,1,1,1,1,1,1,1,1,1,,
3559,09/28/2021,05:40:38,31.319,0.992,0.000,No Errors,NA,1.000,1.35579,3.93847,4.58771,3.55278,0.374363,2.41606,3.53202,,1.72638,0.552217,0.38138,0.391603,0.263862,0.34868,0.44891,0.661821,1.04401,1.39292,1.40858,2.26499,3.08476,6.14198,5.83513,2.45073,,Density,1,1,1,1,1,1,1,1,1,1,1,1,1,1,1,1,,
3560,09/28/2021,06:00:38,31.349,0.992,0.000,No Errors,NA,1.000,1.30039,4.16288,4.96895,3.92134,0.374363,2.35145,3.94064,,1.6826,0.49622,0.3287,0.344483,0.21943,0.313192,0.447357,0.697153,1.09518,1.16953,1.63661,2.04332,2.8848,6.49935,6.93577,4.69702,,Density,1,1,1,1,1,1,1,1,1,1,1,1,1,1,1,1,,
3561,09/28/2021,06:20:38,31.319,0.993,0.000,No Errors,NA,1.000,1.1559,4.00705,4.72355,3.71365,0.374363,2.36139,3.25773,,1.53197,0.399619,0.244246,0.278387,0.18254,0.285472,0.355392,0.67939,0.878399,0.998973,1.53378,1.96923,3.04678,5.58605,5.55896,2.65452,,Density,1,1,1,1,1,1,1,1,1,1,1,1,1,1,1,1,,
3562,09/28/2021,06:40:39,31.349,0.993,0.000,No Errors,NA,1.000,1.15321,4.17537,5.01704,3.95983,0.374363,2.35169,3.50106,,1.54422,0.374396,0.224335,0.259628,0.195864,0.288932,0.381432,0.686965,0.94536,1.04598,1.41404,1.99384,2.59725,5.69702,5.94422,4.69645,,Density,1,1,1,1,1,1,1,1,1,1,1,1,1,1,1,1,,
3563,09/28/2021,07:00:38,31.349,0.993,0.000,No Errors,NA,1.000,1.03693,4.10761,4.81526,3.86506,0.374363,2.28148,3.29212,,1.38699,0.335341,0.211151,0.237454,0.176305,0.288904,0.355356,0.595986,0.901944,1.18102,1.4196,2.00185,2.98405,5.42521,6.65908,2.04173,,Density,1,1,1,1,1,1,1,1,1,1,1,1,1,1,1,1,,
3564,09/28/2021,07:20:38,31.380,0.993,0.000,No Errors,NA,1.000,1.20231,4.17095,4.96224,3.91434,0.374363,2.34885,3.67844,,1.61556,0.380058,0.241842,0.289973,0.218968,0.357286,0.436597,0.686994,1.1266,1.21644,1.73911,2.12521,3.0469,5.62326,6.77008,4.28823,,Density,1,1,1,1,1,1,1,1,1,1,1,1,1,1,1,1,,
3565,09/28/2021,07:40:38,31.380,0.993,0.000,No Errors,NA,1.000,1.54394,4.04872,4.79327,3.70326,0.374363,2.43667,4.03962,,2.09219,0.475756,0.2818,0.339163,0.243022,0.371234,0.557778,0.816037,1.18997,1.25206,1.74531,2.43771,3.43499,6.53767,6.77201,4.28946,,Density,1,1,1,1,1,1,1,1,1,1,1,1,1,1,1,1,,
3566,09/28/2021,08:00:39,31.410,0.994,0.000,No Errors,NA,1.000,2.34363,4.07322,4.84152,3.55281,0.374363,2.6665,4.74571,,3.22958,0.700661,0.369011,0.368155,0.254298,0.368018,0.483014,0.768548,1.07247,1.47642,1.55813,2.48862,3.64977,7.28265,7.052,7.15387,,Density,1,1,1,1,1,1,1,1,1,1,1,1,1,1,1,1,,
3567,09/28/2021,08:20:39,31.380,0.994,0.000,No Errors,NA,1.000,2.78895,4.06879,4.75037,3.38178,0.374363,2.78408,5.0171,,3.84355,0.837878,0.445659,0.462613,0.29442,0.409735,0.567561,1.05209,1.28981,1.48285,1.81564,2.80998,3.52608,6.80378,8.26714,6.95206,,Density,1,1,1,1,1,1,1,1,1,1,1,1,1,1,1,1,,
3568,09/28/2021,08:40:38,31.349,0.994,0.000,No Errors,NA,1.000,3.12499,3.94442,4.57563,3.28726,0.374363,2.7342,5.68107,,4.30565,0.933321,0.511657,0.525108,0.343883,0.503431,0.635233,1.23959,1.59792,1.96003,2.37585,3.22992,4.60271,8.27553,9.2618,5.93136,,Density,1,1,1,1,1,1,1,1,1,1,1,1,1,1,1,1,,
3569,09/28/2021,09:00:39,31.349,0.994,0.000,No Errors,NA,1.000,3.37566,4.10479,4.86194,3.54033,0.374363,2.68941,6.84423,,4.62324,1.0426,0.580344,0.614987,0.416484,0.61187,0.733587,1.4195,2.06392,2.27835,2.68481,3.64983,4.72877,9.64857,10.5871,10.8423,,Density,1,1,1,1,1,1,1,1,1,1,1,1,1,1,1,1,,
3570,09/28/2021,09:20:39,31.319,0.994,0.000,No Errors,NA,1.000,3.39086,4.07378,4.80082,3.67198,0.374363,2.4834,8.4185,,4.59947,1.07475,0.641403,0.727757,0.473445,0.697679,0.96534,1.89269,2.53357,2.61396,3.62168,4.85006,6.65539,13.2191,14.6126,9.00131,,Density,1,1,1,1,1,1,1,1,1,1,1,1,1,1,1,1,,
3571,09/28/2021,09:40:39,31.227,0.994,0.000,No Errors,NA,1.000,3.36596,4.24329,5.02185,3.89256,0.374363,2.43849,9.20155,,4.5965,1.03757,0.620728,0.724743,0.485894,0.706331,0.957646,1.68517,2.6519,3.23794,3.55306,5.01437,6.61772,13.4782,17.4245,11.8651,,Density,1,1,1,1,1,1,1,1,1,1,1,1,1,1,1,1,,
3572,09/28/2021,10:00:39,30.952,0.994,0.000,No Errors,NA,1.000,3.40198,4.32425,5.13305,4.09634,0.374363,2.312,11.214,,4.62069,1.05369,0.661742,0.799941,0.579797,0.822489,1.14645,2.042,3.08214,3.7679,4.64425,6.10785,8.23175,16.419,22.7187,14.1158,,Density,1,1,1,1,1,1,1,1,1,1,1,1,1,1,1,1,,
3573,09/28/2021,10:20:39,30.800,0.995,0.000,No Errors,NA,1.000,3.28255,4.47591,5.33363,4.23975,0.374363,2.33531,10.9139,,4.46594,1.01484,0.64173,0.774871,0.506771,0.727947,1.16782,1.89505,2.73064,3.19062,4.11829,5.97572,7.39282,14.6755,21.5034,18.8192,,Density,1,1,1,1,1,1,1,1,1,1,1,1,1,1,1,1,,
3574,09/28/2021,10:40:39,30.830,0.995,0.000,No Errors,NA,1.000,3.08473,4.38906,5.28669,4.22446,0.374363,2.3058,10.5986,,4.18258,0.967164,0.620198,0.736966,0.495121,0.733026,0.9252,1.83149,2.70652,2.82518,4.22612,5.92543,8.06697,15.1054,19.6807,17.998,,Density,1,1,1,1,1,1,1,1,1,1,1,1,1,1,1,1,,
3575,09/28/2021,11:00:40,30.952,0.995,0.000,No Errors,NA,1.000,3.33454,4.38071,5.21971,4.19052,0.374363,2.28747,11.5597,,4.53652,1.02219,0.667968,0.798496,0.549508,0.79211,1.06505,1.95838,2.91228,3.60285,4.57545,6.50207,8.71915,16.5539,23.4342,16.1607,,Density,1,1,1,1,1,1,1,1,1,1,1,1,1,1,1,1,,
3576,09/28/2021,11:20:39,30.922,0.995,0.000,No Errors,NA,1.000,3.34899,4.32758,5.22119,4.18288,0.374363,2.29175,11.6302,,4.54898,1.04093,0.687649,0.838291,0.535721,0.79992,1.11877,2.09757,3.07017,3.68531,4.63262,6.14046,8.50659,17.5795,21.2841,18.2065,,Density,1,1,1,1,1,1,1,1,1,1,1,1,1,1,1,1,,
3577,09/28/2021,11:40:39,30.891,0.995,0.000,No Errors,NA,1.000,3.29561,4.43444,5.27215,4.24357,0.374363,2.27767,11.7436,,4.47196,1.02063,0.659045,0.832256,0.558389,0.814617,1.21847,2.22145,3.10949,3.75579,4.50675,6.02511,8.14345,16.5781,24.3708,16.9784,,Density,1,1,1,1,1,1,1,1,1,1,1,1,1,1,1,1,,
3578,09/28/2021,12:00:40,30.830,0.995,0.000,No Errors,NA,1.000,3.09224,4.41584,5.33196,4.29677,0.374363,2.269,11.3241,,4.18033,0.967297,0.63476,0.810727,0.537386,0.77722,1.07864,2.087,2.95509,3.41966,4.22615,5.93368,7.44167,16.6247,21.2244,19.4298,,Density,1,1,1,1,1,1,1,1,1,1,1,1,1,1,1,1,,
3579,09/28/2021,12:20:40,30.769,0.996,0.000,No Errors,NA,1.000,3.21168,4.35012,5.18649,4.12492,0.374363,2.32849,10.468,,4.35006,1.01548,0.654603,0.767429,0.509411,0.7591,1.03732,1.87469,2.83307,3.09036,4.00382,5.57263,7.85519,15.1317,20.5649,14.9317,,Density,1,1,1,1,1,1,1,1,1,1,1,1,1,1,1,1,,
3580,09/28/2021,12:40:39,30.830,0.996,0.000,No Errors,NA,1.000,3.07124,4.31052,5.16843,4.08403,0.374363,2.35416,9.66524,,4.17998,0.947292,0.61195,0.727763,0.462197,0.702692,0.971219,1.88712,2.4382,3.01937,3.70638,5.1775,7.21642,14.2407,17.8061,14.7255,,Density,1,1,1,1,1,1,1,1,1,1,1,1,1,1,1,1,,
3581,09/28/2021,13:00:39,30.739,0.996,0.000,No Errors,NA,1.000,2.55569,4.513,5.35927,4.32527,0.374363,2.27164,9.26362,,3.47715,0.778064,0.514379,0.624955,0.401525,0.615781,0.831239,1.55001,2.4056,2.62978,3.45932,4.58381,6.35072,12.679,19.5618,14.5147,,Density,1,1,1,1,1,1,1,1,1,1,1,1,1,1,1,1,,
3582,09/28/2021,13:20:40,30.769,0.996,0.000,No Errors,NA,1.000,2.58029,4.32849,5.16106,4.14057,0.374363,2.28724,8.89097,,3.50125,0.794248,0.528887,0.652141,0.455782,0.668626,0.809784,1.65877,2.53974,2.7475,3.58498,4.63319,6.88842,13.1607,17.7437,11.6529,,Density,1,1,1,1,1,1,1,1,1,1,1,1,1,1,1,1,,
3583,09/28/2021,13:40:39,30.586,0.996,0.000,No Errors,NA,1.000,2.51788,4.4294,5.22356,4.1733,0.374363,2.31321,8.45814,,3.42121,0.773752,0.524961,0.636523,0.41085,0.648672,0.799007,1.57778,2.31483,2.665,3.32221,4.41116,5.60046,11.765,18.1285,11.2434,,Density,1,1,1,1,1,1,1,1,1,1,1,1,1,1,1,1,,
3584,09/28/2021,14:00:40,30.525,0.996,0.000,No Errors,NA,1.000,2.41184,4.34999,5.24288,4.18364,0.374363,2.30505,8.35411,,3.27284,0.745196,0.492794,0.617289,0.419705,0.663336,0.815804,1.6459,2.49206,2.72359,3.36758,4.44363,6.34995,12.0479,15.2067,13.8997,,Density,1,1,1,1,1,1,1,1,1,1,1,1,1,1,1,1,,
3585,09/28/2021,14:20:40,30.433,0.996,0.000,No Errors,NA,1.000,2.48015,4.49847,5.38556,4.32322,0.374363,2.28518,9.06596,,3.35381,0.776396,0.529831,0.650688,0.432179,0.607948,0.863391,1.70162,2.47249,2.92964,3.56185,4.65745,6.73784,12.0486,17.5769,16.558,,Density,1,1,1,1,1,1,1,1,1,1,1,1,1,1,1,1,,
3586,09/28/2021,14:40:40,30.281,0.996,0.000,No Errors,NA,1.000,3.21001,4.30648,5.161,4.10637,0.374363,2.31991,10.6524,,4.321,1.04268,0.693668,0.842991,0.538329,0.762565,1.17695,1.98348,2.93565,3.15511,4.43218,5.737,8.05531,15.774,19.9584,15.5454,,Density,1,1,1,1,1,1,1,1,1,1,1,1,1,1,1,1,,
3587,09/28/2021,15:00:40,30.311,0.996,0.000,No Errors,NA,1.000,2.85583,4.43937,5.30109,4.28443,0.374363,2.2563,10.6451,,3.84686,0.910331,0.613598,0.763404,0.569748,0.759741,1.0094,1.94243,2.93873,3.6426,4.11683,5.58741,6.83999,15.226,21.6611,16.1542,,Density,1,1,1,1,1,1,1,1,1,1,1,1,1,1,1,1,,
3588,09/28/2021,15:20:40,30.128,0.996,0.000,No Errors,NA,1.000,2.98639,4.42444,5.33232,4.27695,0.374363,2.28738,10.7635,,4.02051,0.979413,0.646075,0.775079,0.5449,0.762423,1.09389,1.98311,2.80492,3.24869,4.26575,5.65376,7.49104,15.2771,20.0649,19.0191,,Density,1,1,1,1,1,1,1,1,1,1,1,1,1,1,1,1,,
3589,09/28/2021,15:40:40,30.250,0.996,0.000,No Errors,NA,1.000,3.20705,4.37234,5.19714,4.16888,0.374363,2.28421,11.3289,,4.27572,1.06527,0.732676,0.88197,0.627752,0.881281,1.13552,2.36803,3.12504,3.6319,4.86625,6.2959,8.04278,16.0951,23.0458,15.5453,,Density,1,1,1,1,1,1,1,1,1,1,1,1,1,1,1,1,,
3590,09/28/2021,16:00:40,30.433,0.996,0.000,No Errors,NA,1.000,3.26838,4.50388,5.35745,4.32462,0.374363,2.26139,12.2959,,4.34451,1.11084,0.749143,0.908404,0.633568,0.919456,1.19389,2.32261,3.43299,3.93819,4.80938,6.45239,8.10574,16.6395,25.3627,20.0463,,Density,1,1,1,1,1,1,1,1,1,1,1,1,1,1,1,1,,
3591,09/28/2021,16:20:40,30.311,0.996,0.000,No Errors,NA,1.000,2.83731,4.4777,5.34906,4.31857,0.374363,2.26139,10.5733,,3.80071,0.931699,0.622706,0.732017,0.497688,0.733741,0.984835,1.9601,2.68623,3.34832,4.28806,5.37369,7.49011,14.559,21.3301,17.3808,,Density,1,1,1,1,1,1,1,1,1,1,1,1,1,1,1,1,,
3592,09/28/2021,16:40:41,30.464,0.996,0.000,No Errors,NA,1.000,2.7265,4.39663,5.31261,4.30592,0.374363,2.23639,10.5671,,3.62271,0.9305,0.621385,0.760324,0.482966,0.73194,1.00775,2.1066,2.8477,3.56572,4.27624,5.59502,7.22685,15.5824,19.8401,17.5837,,Density,1,1,1,1,1,1,1,1,1,1,1,1,1,1,1,1,,
3593,09/28/2021,17:00:41,30.464,0.997,0.000,No Errors,NA,1.000,2.646,4.4417,5.29457,4.30795,0.374363,2.22803,10.2145,,3.5074,0.912109,0.618488,0.718513,0.486491,0.754411,0.927929,1.85611,2.95005,3.01242,3.90488,5.24138,6.46372,14.9147,21.492,14.3114,,Density,1,1,1,1,1,1,1,1,1,1,1,1,1,1,1,1,,
3594,09/28/2021,17:20:41,30.952,0.997,0.000,No Errors,NA,1.000,2.37129,4.52117,5.3632,4.36529,0.374363,2.22716,9.30844,,3.15307,0.802494,0.539447,0.639042,0.437919,0.658118,0.915449,1.5877,2.38552,2.88232,3.85832,4.70631,6.29974,12.6894,20.0546,14.1037,,Density,1,1,1,1,1,1,1,1,1,1,1,1,1,1,1,1,,
3595,09/28/2021,17:40:40,31.532,0.997,0.000,No Errors,NA,1.000,2.61086,4.47089,5.33141,4.35083,0.374363,2.20823,10.6363,,3.42303,0.934731,0.642248,0.779831,0.551399,0.791632,1.00765,1.9926,2.94602,3.48301,4.33862,5.66841,7.25115,14.9142,22.2629,15.9465,,Density,1,1,1,1,1,1,1,1,1,1,1,1,1,1,1,1,,
3596,09/28/2021,18:00:41,31.685,0.997,0.000,No Errors,NA,1.000,3.00964,4.41936,5.32931,4.32118,0.374363,2.22401,12.3543,,3.87966,1.14314,0.825175,1.03632,0.705493,1.08301,1.35166,2.57506,3.94116,4.10802,4.87116,7.01803,8.9544,17.3028,23.2074,21.4735,,Density,1,1,1,1,1,1,1,1,1,1,1,1,1,1,1,1,,
3597,09/28/2021,18:20:41,31.746,0.997,0.000,No Errors,NA,1.000,2.81363,4.36406,5.20819,4.22245,0.374363,2.22068,11.4008,,3.60841,1.08716,0.782912,0.990592,0.693814,1.04125,1.40819,2.65557,3.70385,4.20738,4.89891,6.65535,8.79039,15.9293,22.8178,16.1536,,Density,1,1,1,1,1,1,1,1,1,1,1,1,1,1,1,1,,
3598,09/28/2021,18:40:41,31.685,0.998,0.000,No Errors,NA,1.000,2.82021,4.42279,5.36061,4.38786,0.374363,2.17622,12.7083,,3.60012,1.09984,0.792803,1.05594,0.708939,1.03519,1.37906,2.74157,3.86954,4.50751,5.45278,7.14016,9.6032,17.9299,23.5344,22.697,,Density,1,1,1,1,1,1,1,1,1,1,1,1,1,1,1,1,,
3599,09/28/2021,19:00:42,31.716,0.998,0.000,No Errors,NA,1.000,3.05715,4.45356,5.32413,4.35364,0.374363,2.18437,13.5668,,3.86081,1.2272,0.965682,1.23684,0.787817,1.28233,1.44837,2.94701,4.34768,4.57315,5.79079,7.61001,9.43001,18.7115,27.5633,21.2699,,Density,1,1,1,1,1,1,1,1,1,1,1,1,1,1,1,1,,
3600,09/28/2021,19:20:41,31.777,0.998,0.000,No Errors,NA,1.000,3.28815,4.45228,5.3769,4.39293,0.374363,2.18181,15.0888,,4.07393,1.3703,1.13571,1.46159,0.987297,1.47323,1.82463,3.2183,4.54188,5.12739,6.30028,8.38414,10.9204,20.7905,28.3406,27.4107,,Density,1,1,1,1,1,1,1,1,1,1,1,1,1,1,1,1,,
3601,09/28/2021,19:40:41,31.716,0.998,0.000,No Errors,NA,1.000,3.31269,4.27711,5.13455,4.14788,0.374363,2.22598,13.4191,,4.13745,1.36174,1.09848,1.37585,0.922356,1.38053,1.64818,3.12728,4.54197,4.89791,6.43749,8.30211,10.095,19.5432,25.0328,19.0242,,Density,1,1,1,1,1,1,1,1,1,1,1,1,1,1,1,1,,
3602,09/28/2021,20:00:42,31.685,0.998,0.000,No Errors,NA,1.000,3.43435,4.31534,5.14653,4.16097,0.374363,2.22926,13.6998,,4.30238,1.42081,1.09573,1.39639,0.947369,1.33127,1.64835,2.97578,4.26618,5.21633,6.25534,7.91658,10.5339,19.5946,27.1308,18.2078,,Density,1,1,1,1,1,1,1,1,1,1,1,1,1,1,1,1,,
3603,09/28/2021,20:20:41,31.746,0.998,0.000,No Errors,NA,1.000,3.6484,4.30236,5.13636,4.12862,0.374363,2.25223,14.1408,,4.54537,1.57818,1.198,1.42863,1.01118,1.48321,1.80215,3.28255,4.72877,5.04649,6.31931,8.19755,11.0989,20.0059,27.3012,19.6434,,Density,1,1,1,1,1,1,1,1,1,1,1,1,1,1,1,1,,
3604,09/28/2021,20:40:41,31.777,0.998,0.000,No Errors,NA,1.000,3.8897,4.34411,5.17704,4.13284,0.374363,2.27957,14.7785,,4.79126,1.72468,1.36509,1.60513,1.0648,1.63524,1.92841,3.48572,4.8758,5.33022,6.45774,9.4739,11.2012,19.6762,28.3548,22.7173,,Density,1,1,1,1,1,1,1,1,1,1,1,1,1,1,1,1,,
3605,09/28/2021,21:00:41,31.746,0.998,0.000,No Errors,NA,1.000,3.93902,4.23201,5.05655,4.00535,0.374363,2.30879,13.9965,,4.81365,1.79341,1.40726,1.68521,1.09601,1.57028,1.94538,3.37448,4.57199,5.38345,6.60089,8.3229,10.5258,19.9737,25.3769,19.8529,,Density,1,1,1,1,1,1,1,1,1,1,1,1,1,1,1,1,,
3606,09/28/2021,21:20:42,31.777,0.998,0.000,No Errors,NA,1.000,4.23948,4.1553,4.92766,3.86296,0.374363,2.34767,13.9485,,5.16612,1.94847,1.52232,1.78447,1.18668,1.77883,2.10252,3.64373,4.85353,5.70883,6.77976,8.64582,10.7789,19.8427,25.4385,17.1965,,Density,1,1,1,1,1,1,1,1,1,1,1,1,1,1,1,1,,
3607,09/28/2021,21:40:42,31.777,0.998,0.000,No Errors,NA,1.000,4.53235,4.12421,4.89811,3.82605,0.374363,2.36147,14.5339,,5.54579,2.06384,1.60322,1.91179,1.21904,1.87816,2.13991,3.82698,5.24578,5.85166,7.14736,8.77136,11.4827,21.0223,25.6655,18.0198,,Density,1,1,1,1,1,1,1,1,1,1,1,1,1,1,1,1,,
3608,09/28/2021,22:00:41,31.777,0.999,0.000,No Errors,NA,1.000,4.3822,4.1328,4.89579,3.8229,0.374363,2.36634,13.8319,,5.38216,1.97107,1.50612,1.72205,1.16723,1.74174,2.00908,3.61378,5.09898,5.65648,6.68909,8.21904,10.4671,20.1047,24.8897,16.5843,,Density,1,1,1,1,1,1,1,1,1,1,1,1,1,1,1,1,,
3609,09/28/2021,22:20:42,31.777,0.998,0.000,No Errors,NA,1.000,4.32159,4.22364,5.02463,3.9499,0.374363,2.34468,14.3087,,5.36486,1.90681,1.40837,1.60391,1.00463,1.56645,1.95983,3.44899,5.03948,5.52068,6.71734,8.96726,10.5918,20.0171,26.3232,19.6545,,Density,1,1,1,1,1,1,1,1,1,1,1,1,1,1,1,1,,
3610,09/28/2021,22:40:42,31.746,0.999,0.000,No Errors,NA,1.000,4.50303,4.04258,4.78371,3.69211,0.374363,2.41056,13.0295,,5.61066,1.98765,1.43784,1.61436,1.05199,1.5502,1.88946,3.58375,4.7124,5.55099,6.74123,8.50785,10.8313,18.932,22.3533,14.7431,,Density,1,1,1,1,1,1,1,1,1,1,1,1,1,1,1,1,,
3611,09/28/2021,23:00:42,31.777,0.998,0.000,No Errors,NA,1.000,4.63028,4.07719,4.88472,3.75825,0.374363,2.42544,13.428,,5.78157,2.04927,1.46061,1.59852,1.05121,1.52781,1.85126,3.53854,5.04079,5.28048,6.12436,8.75562,10.6572,19.7131,20.9757,19.4548,,Density,1,1,1,1,1,1,1,1,1,1,1,1,1,1,1,1,,
3612,09/28/2021,23:20:42,31.746,0.999,0.000,No Errors,NA,1.000,4.74043,4.0189,4.71757,3.60391,0.374363,2.4568,12.6735,,5.93617,2.10321,1.46564,1.61688,0.99696,1.54444,1.86986,3.37927,4.82,5.33401,6.37084,7.90877,9.93174,18.6265,22.0817,12.9028,,Density,1,1,1,1,1,1,1,1,1,1,1,1,1,1,1,1,,
3613,09/28/2021,23:40:42,31.685,0.999,0.000,No Errors,NA,1.000,4.80649,4.02869,4.76692,3.65207,0.374363,2.44679,13.0833,,6.02837,2.14377,1.47799,1.54611,0.965385,1.47684,1.84231,3.31106,4.68198,5.06907,6.52561,8.35364,10.2579,19.7037,21.5861,15.1565,,Density,1,1,1,1,1,1,1,1,1,1,1,1,1,1,1,1,,
3614,09/29/2021,00:00:42,31.685,0.999,0.000,No Errors,NA,1.000,4.94892,4.07392,4.8164,3.6762,0.374363,2.46227,13.4626,,6.22411,2.19412,1.50991,1.61236,1.0457,1.49351,1.8917,3.68643,5.01842,5.2701,6.68654,8.6098,10.6725,18.9143,23.1898,16.5922,,Density,1,1,1,1,1,1,1,1,1,1,1,1,1,1,1,1,,
